function [d] = BusData
   %name    a   b   c        min  max
   %3 generating units
   d = [1 0.008 7 200 10 85;
        2 0.009 6.3 180 10 80;
        3 0.007 6.8 140 10 70;
        ];
end