function [d] = LossData

%loss coefficients for 3 genetaing units
 d= [0.000218 0.000093 0.000028;
     0.000093 0.000228 0.000017;
     0.000028 0.000017 0.000179];